{
  "nbformat": 4,
  "nbformat_minor": 0,
  "metadata": {
    "colab": {
      "name": "Graph.ipynb",
      "provenance": [],
      "collapsed_sections": [],
      "authorship_tag": "ABX9TyMXMJ+w/cDsOQg1e4hdEZW9",
      "include_colab_link": true
    },
    "kernelspec": {
      "name": "python3",
      "display_name": "Python 3"
    },
    "language_info": {
      "name": "python"
    }
  },
  "cells": [
    {
      "cell_type": "markdown",
      "metadata": {
        "id": "view-in-github",
        "colab_type": "text"
      },
      "source": [
        "<a href=\"https://colab.research.google.com/github/fkonrad97/Network/blob/main/Colab/Graph.ipynb\" target=\"_parent\"><img src=\"https://colab.research.google.com/assets/colab-badge.svg\" alt=\"Open In Colab\"/></a>"
      ]
    },
    {
      "cell_type": "code",
      "metadata": {
        "id": "Z5y8-AMAOOwA"
      },
      "source": [
        "from collections import defaultdict\n",
        "import pandas as pd\n",
        "import numpy as np"
      ],
      "execution_count": 22,
      "outputs": []
    },
    {
      "cell_type": "code",
      "metadata": {
        "id": "-pOtrWxZOh2Y"
      },
      "source": [
        "# Read positions of nodes (X,Y,Z)\n",
        "\n",
        "def positionRead(name):\n",
        "    positions = pd.read_csv(name + \".csv\", header=None, sep=\";\")\n",
        "    # Remove a plus sign from the end of the number\n",
        "    positions[0][0] = positions[0][0][:-1]\n",
        "    positions[0] = positions[0].astype(float)    # Convert data to numerical value\n",
        "    return positions"
      ],
      "execution_count": 9,
      "outputs": []
    },
    {
      "cell_type": "code",
      "metadata": {
        "id": "VEjRQChxOurT"
      },
      "source": [
        "# Read connection table between nodes\n",
        "\n",
        "def connectionRead(name):\n",
        "    connections = pd.read_csv(name + \".csv\", header=None)\n",
        "    return connections"
      ],
      "execution_count": 10,
      "outputs": []
    },
    {
      "cell_type": "code",
      "metadata": {
        "colab": {
          "base_uri": "https://localhost:8080/"
        },
        "id": "plZNvmkKOwQI",
        "outputId": "f64d8082-6388-4ed3-f9b3-5e43f148222c"
      },
      "source": [
        "# List of the positions of nodes\n",
        "positions = positionRead(\"Network/Brain_data/Brain1Positions\")\n",
        "\n",
        "# List of how nodes connected to each other\n",
        "connections = connectionRead(\"Network/Brain_data/Brain1Connections\")"
      ],
      "execution_count": 11,
      "outputs": [
        {
          "output_type": "stream",
          "text": [
            "C:\\Users\\fkonr\\anaconda3\\lib\\site-packages\\ipykernel_launcher.py:6: SettingWithCopyWarning: \n",
            "A value is trying to be set on a copy of a slice from a DataFrame\n",
            "\n",
            "See the caveats in the documentation: https://pandas.pydata.org/pandas-docs/stable/user_guide/indexing.html#returning-a-view-versus-a-copy\n",
            "  \n"
          ],
          "name": "stderr"
        }
      ]
    },
    {
      "cell_type": "code",
      "metadata": {
        "id": "XA7xizvNSpAR"
      },
      "source": [
        "# Calculate distance between 2 points in Euclidean space\n",
        "# Positions should be 3D (X,Y,Z)\n",
        "\n",
        "def Euclidean_dist(p1, p2):\n",
        "    point1 = np.array((positions[0][p1], positions[1][p1], positions[2][p1]))\n",
        "    point2 = np.array((positions[0][p2], positions[1][p2], positions[2][p2]))\n",
        "    return np.linalg.norm(point1 - point2)"
      ],
      "execution_count": 23,
      "outputs": []
    },
    {
      "cell_type": "code",
      "metadata": {
        "id": "u_5ZNeAhTJxr"
      },
      "source": [
        "# Get neighbours of 'p' from the connections dataframe \n",
        "\n",
        "def get_neighbours(p): \n",
        "    neighbours = []\n",
        "    \n",
        "    for i in range(len(positions[0])):\n",
        "        if connections[i][p] == 1:\n",
        "            neighbours.append(i)\n",
        "    \n",
        "    return neighbours"
      ],
      "execution_count": 25,
      "outputs": []
    },
    {
      "cell_type": "code",
      "metadata": {
        "colab": {
          "base_uri": "https://localhost:8080/",
          "height": 399
        },
        "id": "EFC3m7juPZNi",
        "outputId": "ae9f917d-8228-45a7-cd53-8b88bb2bd73d"
      },
      "source": [
        "positions"
      ],
      "execution_count": 17,
      "outputs": [
        {
          "output_type": "execute_result",
          "data": {
            "text/plain": [
              "             0           1          2\n",
              "0    86.828723   55.964199  26.615948\n",
              "1    68.934166   51.139614  32.673099\n",
              "2    99.234568   29.370370  38.259259\n",
              "3   101.797312   49.265398  28.711646\n",
              "4    65.881081   61.874595  43.203784\n",
              "..         ...         ...        ...\n",
              "78  125.030392   96.151471  28.293137\n",
              "79  114.409524   80.682993  26.676190\n",
              "80  130.959165  111.471842  12.879515\n",
              "81  128.398802   94.169108  12.902796\n",
              "82  107.132165  116.364936   8.681591\n",
              "\n",
              "[83 rows x 3 columns]"
            ],
            "text/html": [
              "<div>\n",
              "<style scoped>\n",
              "    .dataframe tbody tr th:only-of-type {\n",
              "        vertical-align: middle;\n",
              "    }\n",
              "\n",
              "    .dataframe tbody tr th {\n",
              "        vertical-align: top;\n",
              "    }\n",
              "\n",
              "    .dataframe thead th {\n",
              "        text-align: right;\n",
              "    }\n",
              "</style>\n",
              "<table border=\"1\" class=\"dataframe\">\n",
              "  <thead>\n",
              "    <tr style=\"text-align: right;\">\n",
              "      <th></th>\n",
              "      <th>0</th>\n",
              "      <th>1</th>\n",
              "      <th>2</th>\n",
              "    </tr>\n",
              "  </thead>\n",
              "  <tbody>\n",
              "    <tr>\n",
              "      <th>0</th>\n",
              "      <td>86.828723</td>\n",
              "      <td>55.964199</td>\n",
              "      <td>26.615948</td>\n",
              "    </tr>\n",
              "    <tr>\n",
              "      <th>1</th>\n",
              "      <td>68.934166</td>\n",
              "      <td>51.139614</td>\n",
              "      <td>32.673099</td>\n",
              "    </tr>\n",
              "    <tr>\n",
              "      <th>2</th>\n",
              "      <td>99.234568</td>\n",
              "      <td>29.370370</td>\n",
              "      <td>38.259259</td>\n",
              "    </tr>\n",
              "    <tr>\n",
              "      <th>3</th>\n",
              "      <td>101.797312</td>\n",
              "      <td>49.265398</td>\n",
              "      <td>28.711646</td>\n",
              "    </tr>\n",
              "    <tr>\n",
              "      <th>4</th>\n",
              "      <td>65.881081</td>\n",
              "      <td>61.874595</td>\n",
              "      <td>43.203784</td>\n",
              "    </tr>\n",
              "    <tr>\n",
              "      <th>...</th>\n",
              "      <td>...</td>\n",
              "      <td>...</td>\n",
              "      <td>...</td>\n",
              "    </tr>\n",
              "    <tr>\n",
              "      <th>78</th>\n",
              "      <td>125.030392</td>\n",
              "      <td>96.151471</td>\n",
              "      <td>28.293137</td>\n",
              "    </tr>\n",
              "    <tr>\n",
              "      <th>79</th>\n",
              "      <td>114.409524</td>\n",
              "      <td>80.682993</td>\n",
              "      <td>26.676190</td>\n",
              "    </tr>\n",
              "    <tr>\n",
              "      <th>80</th>\n",
              "      <td>130.959165</td>\n",
              "      <td>111.471842</td>\n",
              "      <td>12.879515</td>\n",
              "    </tr>\n",
              "    <tr>\n",
              "      <th>81</th>\n",
              "      <td>128.398802</td>\n",
              "      <td>94.169108</td>\n",
              "      <td>12.902796</td>\n",
              "    </tr>\n",
              "    <tr>\n",
              "      <th>82</th>\n",
              "      <td>107.132165</td>\n",
              "      <td>116.364936</td>\n",
              "      <td>8.681591</td>\n",
              "    </tr>\n",
              "  </tbody>\n",
              "</table>\n",
              "<p>83 rows × 3 columns</p>\n",
              "</div>"
            ]
          },
          "metadata": {
            "tags": []
          },
          "execution_count": 17
        }
      ]
    },
    {
      "cell_type": "code",
      "metadata": {
        "colab": {
          "base_uri": "https://localhost:8080/",
          "height": 399
        },
        "id": "LAgsOl8GPZda",
        "outputId": "ed13baae-3bf2-4976-f0a6-8ac307ca2ffb"
      },
      "source": [
        "connections"
      ],
      "execution_count": 14,
      "outputs": [
        {
          "output_type": "execute_result",
          "data": {
            "text/plain": [
              "    0   1   2   3   4   5   6   7   8   9   ...  73  74  75  76  77  78  79  \\\n",
              "0    0   1   1   1   1   1   1   1   1   0  ...   0   0   0   0   0   0   0   \n",
              "1    1   0   0   0   1   1   1   1   0   0  ...   0   0   0   0   0   0   0   \n",
              "2    1   0   0   1   0   0   1   1   0   0  ...   0   0   0   0   0   0   0   \n",
              "3    1   0   1   0   0   0   1   1   0   0  ...   0   0   0   1   0   0   1   \n",
              "4    1   1   0   0   0   1   1   1   1   0  ...   0   0   0   0   0   0   0   \n",
              "..  ..  ..  ..  ..  ..  ..  ..  ..  ..  ..  ...  ..  ..  ..  ..  ..  ..  ..   \n",
              "78   0   0   0   0   0   0   1   0   0   1  ...   1   1   1   1   1   0   1   \n",
              "79   0   0   0   1   0   0   0   1   0   0  ...   0   0   1   1   1   1   0   \n",
              "80   0   0   0   0   0   0   0   0   0   0  ...   0   1   1   1   1   1   1   \n",
              "81   0   0   0   0   0   0   0   0   0   0  ...   0   1   1   1   1   1   1   \n",
              "82   1   1   0   0   1   1   1   1   1   1  ...   0   0   1   1   1   1   1   \n",
              "\n",
              "    80  81  82  \n",
              "0    0   0   1  \n",
              "1    0   0   1  \n",
              "2    0   0   0  \n",
              "3    0   0   0  \n",
              "4    0   0   1  \n",
              "..  ..  ..  ..  \n",
              "78   1   1   1  \n",
              "79   1   1   1  \n",
              "80   0   1   1  \n",
              "81   1   0   1  \n",
              "82   1   1   0  \n",
              "\n",
              "[83 rows x 83 columns]"
            ],
            "text/html": [
              "<div>\n",
              "<style scoped>\n",
              "    .dataframe tbody tr th:only-of-type {\n",
              "        vertical-align: middle;\n",
              "    }\n",
              "\n",
              "    .dataframe tbody tr th {\n",
              "        vertical-align: top;\n",
              "    }\n",
              "\n",
              "    .dataframe thead th {\n",
              "        text-align: right;\n",
              "    }\n",
              "</style>\n",
              "<table border=\"1\" class=\"dataframe\">\n",
              "  <thead>\n",
              "    <tr style=\"text-align: right;\">\n",
              "      <th></th>\n",
              "      <th>0</th>\n",
              "      <th>1</th>\n",
              "      <th>2</th>\n",
              "      <th>3</th>\n",
              "      <th>4</th>\n",
              "      <th>5</th>\n",
              "      <th>6</th>\n",
              "      <th>7</th>\n",
              "      <th>8</th>\n",
              "      <th>9</th>\n",
              "      <th>...</th>\n",
              "      <th>73</th>\n",
              "      <th>74</th>\n",
              "      <th>75</th>\n",
              "      <th>76</th>\n",
              "      <th>77</th>\n",
              "      <th>78</th>\n",
              "      <th>79</th>\n",
              "      <th>80</th>\n",
              "      <th>81</th>\n",
              "      <th>82</th>\n",
              "    </tr>\n",
              "  </thead>\n",
              "  <tbody>\n",
              "    <tr>\n",
              "      <th>0</th>\n",
              "      <td>0</td>\n",
              "      <td>1</td>\n",
              "      <td>1</td>\n",
              "      <td>1</td>\n",
              "      <td>1</td>\n",
              "      <td>1</td>\n",
              "      <td>1</td>\n",
              "      <td>1</td>\n",
              "      <td>1</td>\n",
              "      <td>0</td>\n",
              "      <td>...</td>\n",
              "      <td>0</td>\n",
              "      <td>0</td>\n",
              "      <td>0</td>\n",
              "      <td>0</td>\n",
              "      <td>0</td>\n",
              "      <td>0</td>\n",
              "      <td>0</td>\n",
              "      <td>0</td>\n",
              "      <td>0</td>\n",
              "      <td>1</td>\n",
              "    </tr>\n",
              "    <tr>\n",
              "      <th>1</th>\n",
              "      <td>1</td>\n",
              "      <td>0</td>\n",
              "      <td>0</td>\n",
              "      <td>0</td>\n",
              "      <td>1</td>\n",
              "      <td>1</td>\n",
              "      <td>1</td>\n",
              "      <td>1</td>\n",
              "      <td>0</td>\n",
              "      <td>0</td>\n",
              "      <td>...</td>\n",
              "      <td>0</td>\n",
              "      <td>0</td>\n",
              "      <td>0</td>\n",
              "      <td>0</td>\n",
              "      <td>0</td>\n",
              "      <td>0</td>\n",
              "      <td>0</td>\n",
              "      <td>0</td>\n",
              "      <td>0</td>\n",
              "      <td>1</td>\n",
              "    </tr>\n",
              "    <tr>\n",
              "      <th>2</th>\n",
              "      <td>1</td>\n",
              "      <td>0</td>\n",
              "      <td>0</td>\n",
              "      <td>1</td>\n",
              "      <td>0</td>\n",
              "      <td>0</td>\n",
              "      <td>1</td>\n",
              "      <td>1</td>\n",
              "      <td>0</td>\n",
              "      <td>0</td>\n",
              "      <td>...</td>\n",
              "      <td>0</td>\n",
              "      <td>0</td>\n",
              "      <td>0</td>\n",
              "      <td>0</td>\n",
              "      <td>0</td>\n",
              "      <td>0</td>\n",
              "      <td>0</td>\n",
              "      <td>0</td>\n",
              "      <td>0</td>\n",
              "      <td>0</td>\n",
              "    </tr>\n",
              "    <tr>\n",
              "      <th>3</th>\n",
              "      <td>1</td>\n",
              "      <td>0</td>\n",
              "      <td>1</td>\n",
              "      <td>0</td>\n",
              "      <td>0</td>\n",
              "      <td>0</td>\n",
              "      <td>1</td>\n",
              "      <td>1</td>\n",
              "      <td>0</td>\n",
              "      <td>0</td>\n",
              "      <td>...</td>\n",
              "      <td>0</td>\n",
              "      <td>0</td>\n",
              "      <td>0</td>\n",
              "      <td>1</td>\n",
              "      <td>0</td>\n",
              "      <td>0</td>\n",
              "      <td>1</td>\n",
              "      <td>0</td>\n",
              "      <td>0</td>\n",
              "      <td>0</td>\n",
              "    </tr>\n",
              "    <tr>\n",
              "      <th>4</th>\n",
              "      <td>1</td>\n",
              "      <td>1</td>\n",
              "      <td>0</td>\n",
              "      <td>0</td>\n",
              "      <td>0</td>\n",
              "      <td>1</td>\n",
              "      <td>1</td>\n",
              "      <td>1</td>\n",
              "      <td>1</td>\n",
              "      <td>0</td>\n",
              "      <td>...</td>\n",
              "      <td>0</td>\n",
              "      <td>0</td>\n",
              "      <td>0</td>\n",
              "      <td>0</td>\n",
              "      <td>0</td>\n",
              "      <td>0</td>\n",
              "      <td>0</td>\n",
              "      <td>0</td>\n",
              "      <td>0</td>\n",
              "      <td>1</td>\n",
              "    </tr>\n",
              "    <tr>\n",
              "      <th>...</th>\n",
              "      <td>...</td>\n",
              "      <td>...</td>\n",
              "      <td>...</td>\n",
              "      <td>...</td>\n",
              "      <td>...</td>\n",
              "      <td>...</td>\n",
              "      <td>...</td>\n",
              "      <td>...</td>\n",
              "      <td>...</td>\n",
              "      <td>...</td>\n",
              "      <td>...</td>\n",
              "      <td>...</td>\n",
              "      <td>...</td>\n",
              "      <td>...</td>\n",
              "      <td>...</td>\n",
              "      <td>...</td>\n",
              "      <td>...</td>\n",
              "      <td>...</td>\n",
              "      <td>...</td>\n",
              "      <td>...</td>\n",
              "      <td>...</td>\n",
              "    </tr>\n",
              "    <tr>\n",
              "      <th>78</th>\n",
              "      <td>0</td>\n",
              "      <td>0</td>\n",
              "      <td>0</td>\n",
              "      <td>0</td>\n",
              "      <td>0</td>\n",
              "      <td>0</td>\n",
              "      <td>1</td>\n",
              "      <td>0</td>\n",
              "      <td>0</td>\n",
              "      <td>1</td>\n",
              "      <td>...</td>\n",
              "      <td>1</td>\n",
              "      <td>1</td>\n",
              "      <td>1</td>\n",
              "      <td>1</td>\n",
              "      <td>1</td>\n",
              "      <td>0</td>\n",
              "      <td>1</td>\n",
              "      <td>1</td>\n",
              "      <td>1</td>\n",
              "      <td>1</td>\n",
              "    </tr>\n",
              "    <tr>\n",
              "      <th>79</th>\n",
              "      <td>0</td>\n",
              "      <td>0</td>\n",
              "      <td>0</td>\n",
              "      <td>1</td>\n",
              "      <td>0</td>\n",
              "      <td>0</td>\n",
              "      <td>0</td>\n",
              "      <td>1</td>\n",
              "      <td>0</td>\n",
              "      <td>0</td>\n",
              "      <td>...</td>\n",
              "      <td>0</td>\n",
              "      <td>0</td>\n",
              "      <td>1</td>\n",
              "      <td>1</td>\n",
              "      <td>1</td>\n",
              "      <td>1</td>\n",
              "      <td>0</td>\n",
              "      <td>1</td>\n",
              "      <td>1</td>\n",
              "      <td>1</td>\n",
              "    </tr>\n",
              "    <tr>\n",
              "      <th>80</th>\n",
              "      <td>0</td>\n",
              "      <td>0</td>\n",
              "      <td>0</td>\n",
              "      <td>0</td>\n",
              "      <td>0</td>\n",
              "      <td>0</td>\n",
              "      <td>0</td>\n",
              "      <td>0</td>\n",
              "      <td>0</td>\n",
              "      <td>0</td>\n",
              "      <td>...</td>\n",
              "      <td>0</td>\n",
              "      <td>1</td>\n",
              "      <td>1</td>\n",
              "      <td>1</td>\n",
              "      <td>1</td>\n",
              "      <td>1</td>\n",
              "      <td>1</td>\n",
              "      <td>0</td>\n",
              "      <td>1</td>\n",
              "      <td>1</td>\n",
              "    </tr>\n",
              "    <tr>\n",
              "      <th>81</th>\n",
              "      <td>0</td>\n",
              "      <td>0</td>\n",
              "      <td>0</td>\n",
              "      <td>0</td>\n",
              "      <td>0</td>\n",
              "      <td>0</td>\n",
              "      <td>0</td>\n",
              "      <td>0</td>\n",
              "      <td>0</td>\n",
              "      <td>0</td>\n",
              "      <td>...</td>\n",
              "      <td>0</td>\n",
              "      <td>1</td>\n",
              "      <td>1</td>\n",
              "      <td>1</td>\n",
              "      <td>1</td>\n",
              "      <td>1</td>\n",
              "      <td>1</td>\n",
              "      <td>1</td>\n",
              "      <td>0</td>\n",
              "      <td>1</td>\n",
              "    </tr>\n",
              "    <tr>\n",
              "      <th>82</th>\n",
              "      <td>1</td>\n",
              "      <td>1</td>\n",
              "      <td>0</td>\n",
              "      <td>0</td>\n",
              "      <td>1</td>\n",
              "      <td>1</td>\n",
              "      <td>1</td>\n",
              "      <td>1</td>\n",
              "      <td>1</td>\n",
              "      <td>1</td>\n",
              "      <td>...</td>\n",
              "      <td>0</td>\n",
              "      <td>0</td>\n",
              "      <td>1</td>\n",
              "      <td>1</td>\n",
              "      <td>1</td>\n",
              "      <td>1</td>\n",
              "      <td>1</td>\n",
              "      <td>1</td>\n",
              "      <td>1</td>\n",
              "      <td>0</td>\n",
              "    </tr>\n",
              "  </tbody>\n",
              "</table>\n",
              "<p>83 rows × 83 columns</p>\n",
              "</div>"
            ]
          },
          "metadata": {
            "tags": []
          },
          "execution_count": 14
        }
      ]
    },
    {
      "cell_type": "code",
      "metadata": {
        "id": "laB2HFUeQj8Y"
      },
      "source": [
        "def toDictionary(positions, connections):\n",
        "  edges = []\n",
        "  for i in range(len(connections[0])):\n",
        "    for j in range(len(connections[0])):\n",
        "      if i!=j and i<j and connections[i][j]==1:\n",
        "        edges.append((i,j,Euclidean_dist(i,j)))\n",
        "  return edges"
      ],
      "execution_count": 35,
      "outputs": []
    },
    {
      "cell_type": "code",
      "metadata": {
        "id": "f_DxSW-pObha"
      },
      "source": [
        "class Graph():\n",
        "    def __init__(self):\n",
        "        \"\"\"\n",
        "        self.edges is a dict of all possible next nodes\n",
        "        e.g. {'X': ['A', 'B', 'C', 'E'], ...}\n",
        "        self.weights has all the weights between two nodes,\n",
        "        with the two nodes as a tuple as the key\n",
        "        e.g. {('X', 'A'): 7, ('X', 'B'): 2, ...}\n",
        "        \"\"\"\n",
        "        self.edges = defaultdict(list)\n",
        "        self.weights = {}\n",
        "    \n",
        "    def add_edge(self, from_node, to_node, weight):\n",
        "        # Note: assumes edges are bi-directional\n",
        "        self.edges[from_node].append(to_node)\n",
        "        self.edges[to_node].append(from_node)\n",
        "        self.weights[(from_node, to_node)] = weight\n",
        "        self.weights[(to_node, from_node)] = weight"
      ],
      "execution_count": 36,
      "outputs": []
    },
    {
      "cell_type": "code",
      "metadata": {
        "colab": {
          "base_uri": "https://localhost:8080/"
        },
        "id": "-TL9Ju42VOPz",
        "outputId": "6367c700-c160-4d4c-cafc-1c33a56535c0"
      },
      "source": [
        "# Initialize graph\n",
        "\n",
        "graph = Graph()\n",
        "edges = toDictionary(positions, connections)\n",
        "\n",
        "for edge in edges:\n",
        "    graph.add_edge(*edge)\n",
        "\n",
        "graph.weights"
      ],
      "execution_count": 45,
      "outputs": [
        {
          "output_type": "execute_result",
          "data": {
            "text/plain": [
              "{(0, 1): 19.49822697213286,\n",
              " (1, 0): 19.49822697213286,\n",
              " (0, 2): 31.57060966238043,\n",
              " (2, 0): 31.57060966238043,\n",
              " (0, 3): 16.53253063367998,\n",
              " (3, 0): 16.53253063367998,\n",
              " (0, 4): 27.365905113565425,\n",
              " (4, 0): 27.365905113565425,\n",
              " (0, 5): 41.64484507236932,\n",
              " (5, 0): 41.64484507236932,\n",
              " (0, 6): 31.065669006769824,\n",
              " (6, 0): 31.065669006769824,\n",
              " (0, 7): 49.91916519149325,\n",
              " (7, 0): 49.91916519149325,\n",
              " (0, 8): 60.821899890312004,\n",
              " (8, 0): 60.821899890312004,\n",
              " (0, 17): 110.26496976737384,\n",
              " (17, 0): 110.26496976737384,\n",
              " (0, 18): 105.53494277544257,\n",
              " (18, 0): 105.53494277544257,\n",
              " (0, 22): 120.29097399751358,\n",
              " (22, 0): 120.29097399751358,\n",
              " (0, 23): 104.17539782233872,\n",
              " (23, 0): 104.17539782233872,\n",
              " (0, 24): 85.49794842513104,\n",
              " (24, 0): 85.49794842513104,\n",
              " (0, 27): 30.7440634806438,\n",
              " (27, 0): 30.7440634806438,\n",
              " (0, 28): 78.85253876500566,\n",
              " (28, 0): 78.85253876500566,\n",
              " (0, 29): 72.24658225436669,\n",
              " (29, 0): 72.24658225436669,\n",
              " (0, 30): 79.0436037438605,\n",
              " (30, 0): 79.0436037438605,\n",
              " (0, 31): 50.56964936396234,\n",
              " (31, 0): 50.56964936396234,\n",
              " (0, 33): 39.07070897542581,\n",
              " (33, 0): 39.07070897542581,\n",
              " (0, 34): 57.76042809043725,\n",
              " (34, 0): 57.76042809043725,\n",
              " (0, 35): 35.057875034510346,\n",
              " (35, 0): 35.057875034510346,\n",
              " (0, 36): 34.20916574346044,\n",
              " (36, 0): 34.20916574346044,\n",
              " (0, 37): 39.59892416168416,\n",
              " (37, 0): 39.59892416168416,\n",
              " (0, 38): 27.07819136647789,\n",
              " (38, 0): 27.07819136647789,\n",
              " (0, 40): 38.759869159288044,\n",
              " (40, 0): 38.759869159288044,\n",
              " (0, 82): 66.1975828934822,\n",
              " (82, 0): 66.1975828934822,\n",
              " (1, 4): 15.344590572116752,\n",
              " (4, 1): 15.344590572116752,\n",
              " (1, 5): 36.720471587727296,\n",
              " (5, 1): 36.720471587727296,\n",
              " (1, 6): 25.798750941939833,\n",
              " (6, 1): 25.798750941939833,\n",
              " (1, 7): 52.988761474508685,\n",
              " (7, 1): 52.988761474508685,\n",
              " (1, 17): 114.70425154607828,\n",
              " (17, 1): 114.70425154607828,\n",
              " (1, 18): 107.84129652866407,\n",
              " (18, 1): 107.84129652866407,\n",
              " (1, 22): 125.6035193958912,\n",
              " (22, 1): 125.6035193958912,\n",
              " (1, 23): 112.0130201522961,\n",
              " (23, 1): 112.0130201522961,\n",
              " (1, 24): 90.88549439891962,\n",
              " (24, 1): 90.88549439891962,\n",
              " (1, 33): 42.197853587912384,\n",
              " (33, 1): 42.197853587912384,\n",
              " (1, 34): 67.55024761276022,\n",
              " (34, 1): 67.55024761276022,\n",
              " (1, 35): 45.286121681769224,\n",
              " (35, 1): 45.286121681769224,\n",
              " (1, 36): 41.395190709541474,\n",
              " (36, 1): 41.395190709541474,\n",
              " (1, 37): 48.96544753911202,\n",
              " (37, 1): 48.96544753911202,\n",
              " (1, 47): 70.24085215312306,\n",
              " (47, 1): 70.24085215312306,\n",
              " (1, 48): 66.83591484552962,\n",
              " (48, 1): 66.83591484552962,\n",
              " (1, 82): 79.30335523867505,\n",
              " (82, 1): 79.30335523867505,\n",
              " (2, 3): 22.215685490126766,\n",
              " (3, 2): 22.215685490126766,\n",
              " (2, 6): 36.30999740809047,\n",
              " (6, 2): 36.30999740809047,\n",
              " (2, 7): 54.83081167090056,\n",
              " (7, 2): 54.83081167090056,\n",
              " (2, 28): 110.13943725444956,\n",
              " (28, 2): 110.13943725444956,\n",
              " (2, 33): 67.8491672194865,\n",
              " (33, 2): 67.8491672194865,\n",
              " (2, 34): 83.4339372240232,\n",
              " (34, 2): 83.4339372240232,\n",
              " (2, 35): 56.93932349158681,\n",
              " (35, 2): 56.93932349158681,\n",
              " (2, 36): 62.591547677618514,\n",
              " (36, 2): 62.591547677618514,\n",
              " (2, 37): 67.27978785697232,\n",
              " (37, 2): 67.27978785697232,\n",
              " (3, 6): 36.315751668478015,\n",
              " (6, 3): 36.315751668478015,\n",
              " (3, 7): 49.926792698324476,\n",
              " (7, 3): 49.926792698324476,\n",
              " (3, 11): 18.334217689002333,\n",
              " (11, 3): 18.334217689002333,\n",
              " (3, 12): 41.164033394932936,\n",
              " (12, 3): 41.164033394932936,\n",
              " (3, 13): 72.9000110990485,\n",
              " (13, 3): 72.9000110990485,\n",
              " (3, 19): 105.13401799153596,\n",
              " (19, 3): 105.13401799153596,\n",
              " (3, 28): 91.07866048818252,\n",
              " (28, 3): 91.07866048818252,\n",
              " (3, 34): 63.54577997139695,\n",
              " (34, 3): 63.54577997139695,\n",
              " (3, 35): 39.52205229805909,\n",
              " (35, 3): 39.52205229805909,\n",
              " (3, 36): 44.28130740240936,\n",
              " (36, 3): 44.28130740240936,\n",
              " (3, 37): 47.67149182898851,\n",
              " (37, 3): 47.67149182898851,\n",
              " (3, 38): 30.25276043392292,\n",
              " (38, 3): 30.25276043392292,\n",
              " (3, 43): 27.438756270196766,\n",
              " (43, 3): 27.438756270196766,\n",
              " (3, 44): 13.376446738026308,\n",
              " (44, 3): 13.376446738026308,\n",
              " (3, 47): 42.471803550624905,\n",
              " (47, 3): 42.471803550624905,\n",
              " (3, 48): 52.39400339973242,\n",
              " (48, 3): 52.39400339973242,\n",
              " (3, 52): 18.491865489922578,\n",
              " (52, 3): 18.491865489922578,\n",
              " (3, 76): 42.19560341193449,\n",
              " (76, 3): 42.19560341193449,\n",
              " (3, 79): 33.91572309030025,\n",
              " (79, 3): 33.91572309030025,\n",
              " (4, 5): 22.665229940918277,\n",
              " (5, 4): 22.665229940918277,\n",
              " (4, 6): 20.407369747786838,\n",
              " (6, 4): 20.407369747786838,\n",
              " (4, 7): 43.825991622605194,\n",
              " (7, 4): 43.825991622605194,\n",
              " (4, 8): 45.166701725970064,\n",
              " (8, 4): 45.166701725970064,\n",
              " (4, 17): 102.68054820917322,\n",
              " (17, 4): 102.68054820917322,\n",
              " (4, 18): 96.50566111546709,\n",
              " (18, 4): 96.50566111546709,\n",
              " (4, 21): 113.09099520330426,\n",
              " (21, 4): 113.09099520330426,\n",
              " (4, 22): 116.89685076955834,\n",
              " (22, 4): 116.89685076955834,\n",
              " (4, 23): 105.04300400790217,\n",
              " (23, 4): 105.04300400790217,\n",
              " (4, 24): 84.79264845013488,\n",
              " (24, 4): 84.79264845013488,\n",
              " (4, 29): 65.64505428075651,\n",
              " (29, 4): 65.64505428075651,\n",
              " (4, 30): 70.3498341537806,\n",
              " (30, 4): 70.3498341537806,\n",
              " (4, 31): 42.788381644494656,\n",
              " (31, 4): 42.788381644494656,\n",
              " (4, 33): 33.89871620931545,\n",
              " (33, 4): 33.89871620931545,\n",
              " (4, 34): 60.53613553987174,\n",
              " (34, 4): 60.53613553987174,\n",
              " (4, 35): 38.83888393536875,\n",
              " (35, 4): 38.83888393536875,\n",
              " (4, 36): 35.169384848117154,\n",
              " (36, 4): 35.169384848117154,\n",
              " (4, 37): 43.36579055382481,\n",
              " (37, 4): 43.36579055382481,\n",
              " (4, 46): 85.60342321344076,\n",
              " (46, 4): 85.60342321344076,\n",
              " (4, 47): 71.86084276785465,\n",
              " (47, 4): 71.86084276785465,\n",
              " (4, 48): 60.73822207689491,\n",
              " (48, 4): 60.73822207689491,\n",
              " (4, 49): 81.02879051923675,\n",
              " (49, 4): 81.02879051923675,\n",
              " (4, 82): 76.56781931703564,\n",
              " (82, 4): 76.56781931703564,\n",
              " (5, 6): 33.972874329934726,\n",
              " (6, 5): 33.972874329934726,\n",
              " (5, 7): 40.66934601384813,\n",
              " (7, 5): 40.66934601384813,\n",
              " (5, 8): 29.681188765360506,\n",
              " (8, 5): 29.681188765360506,\n",
              " (5, 9): 32.373310145716125,\n",
              " (9, 5): 32.373310145716125,\n",
              " (5, 15): 40.862038861497105,\n",
              " (15, 5): 40.862038861497105,\n",
              " (5, 16): 47.6319285761592,\n",
              " (16, 5): 47.6319285761592,\n",
              " (5, 18): 74.86479811381201,\n",
              " (18, 5): 74.86479811381201,\n",
              " (5, 28): 61.40621762826701,\n",
              " (28, 5): 61.40621762826701,\n",
              " (5, 29): 51.74237155044155,\n",
              " (29, 5): 51.74237155044155,\n",
              " (5, 30): 52.061562616244906,\n",
              " (30, 5): 52.061562616244906,\n",
              " (5, 31): 31.713745894135535,\n",
              " (31, 5): 31.713745894135535,\n",
              " (5, 33): 20.972355442039017,\n",
              " (33, 5): 20.972355442039017,\n",
              " (5, 35): 31.55297995041877,\n",
              " (35, 5): 31.55297995041877,\n",
              " (5, 36): 26.243470935391507,\n",
              " (36, 5): 26.243470935391507,\n",
              " (5, 37): 33.38898229146374,\n",
              " (37, 5): 33.38898229146374,\n",
              " (5, 46): 83.95275857531884,\n",
              " (46, 5): 83.95275857531884,\n",
              " (5, 47): 78.26760519045996,\n",
              " (47, 5): 78.26760519045996,\n",
              " (5, 49): 74.97231105925171,\n",
              " (49, 5): 74.97231105925171,\n",
              " (5, 50): 83.28104463202567,\n",
              " (50, 5): 83.28104463202567,\n",
              " (5, 82): 66.653907871105,\n",
              " (82, 5): 66.653907871105,\n",
              " (6, 7): 30.55992235572882,\n",
              " (7, 6): 30.55992235572882,\n",
              " (6, 8): 42.562091047423166,\n",
              " (8, 6): 42.562091047423166,\n",
              " (6, 9): 57.51950554766205,\n",
              " (9, 6): 57.51950554766205,\n",
              " (6, 16): 80.14918580987384,\n",
              " (16, 6): 80.14918580987384,\n",
              " (6, 17): 107.73980537211017,\n",
              " (17, 6): 107.73980537211017,\n",
              " (6, 18): 106.38803362554754,\n",
              " (18, 6): 106.38803362554754,\n",
              " (6, 22): 127.978981500886,\n",
              " (22, 6): 127.978981500886,\n",
              " (6, 23): 115.4714617006649,\n",
              " (23, 6): 115.4714617006649,\n",
              " (6, 24): 98.39837665277518,\n",
              " (24, 6): 98.39837665277518,\n",
              " (6, 28): 91.34421852647425,\n",
              " (28, 6): 91.34421852647425,\n",
              " (6, 29): 82.4913063010125,\n",
              " (29, 6): 82.4913063010125,\n",
              " (6, 30): 84.83302820834139,\n",
              " (30, 6): 84.83302820834139,\n",
              " (6, 31): 60.046675327120816,\n",
              " (31, 6): 60.046675327120816,\n",
              " (6, 33): 46.012400088247304,\n",
              " (33, 6): 46.012400088247304,\n",
              " (6, 34): 66.79194604919152,\n",
              " (34, 6): 66.79194604919152,\n",
              " (6, 35): 40.081487891023116,\n",
              " (35, 6): 40.081487891023116,\n",
              " (6, 36): 44.55318822332579,\n",
              " (36, 6): 44.55318822332579,\n",
              " (6, 37): 51.37620708388852,\n",
              " (37, 6): 51.37620708388852,\n",
              " (6, 39): 71.10202365444538,\n",
              " (39, 6): 71.10202365444538,\n",
              " (6, 44): 45.820378948827006,\n",
              " (44, 6): 45.820378948827006,\n",
              " (6, 45): 74.50122201529749,\n",
              " (45, 6): 74.50122201529749,\n",
              " (6, 46): 75.0844049396549,\n",
              " (46, 6): 75.0844049396549,\n",
              " (6, 47): 57.24206864583489,\n",
              " (47, 6): 57.24206864583489,\n",
              " (6, 48): 46.873391631882576,\n",
              " (48, 6): 46.873391631882576,\n",
              " (6, 49): 69.18860218382403,\n",
              " (49, 6): 69.18860218382403,\n",
              " (6, 75): 75.35691371901491,\n",
              " (75, 6): 75.35691371901491,\n",
              " (6, 76): 54.00434902458865,\n",
              " (76, 6): 54.00434902458865,\n",
              " (6, 77): 69.6807988835766,\n",
              " (77, 6): 69.6807988835766,\n",
              " (6, 78): 69.2068174771525,\n",
              " (78, 6): 69.2068174771525,\n",
              " (6, 82): 84.19236282731798,\n",
              " (82, 6): 84.19236282731798,\n",
              " (7, 8): 27.129015993211194,\n",
              " (8, 7): 27.129015993211194,\n",
              " (7, 9): 44.84036410692491,\n",
              " (9, 7): 44.84036410692491,\n",
              " (7, 10): 56.12285393641476,\n",
              " (10, 7): 56.12285393641476,\n",
              " (7, 11): 31.752378949467666,\n",
              " (11, 7): 31.752378949467666,\n",
              " (7, 12): 16.371952395049785,\n",
              " (12, 7): 16.371952395049785,\n",
              " (7, 13): 46.2973645503611,\n",
              " (13, 7): 46.2973645503611,\n",
              " (7, 14): 74.30732673981524,\n",
              " (14, 7): 74.30732673981524,\n",
              " (7, 17): 89.68286612659354,\n",
              " (17, 7): 89.68286612659354,\n",
              " (7, 18): 95.46569224837228,\n",
              " (18, 7): 95.46569224837228,\n",
              " (7, 19): 82.58194606924253,\n",
              " (19, 7): 82.58194606924253,\n",
              " (7, 22): 118.31062533611345,\n",
              " (22, 7): 118.31062533611345,\n",
              " (7, 23): 106.64731011928097,\n",
              " (23, 7): 106.64731011928097,\n",
              " (7, 24): 96.15524816093628,\n",
              " (24, 7): 96.15524816093628,\n",
              " (7, 28): 93.47786311722757,\n",
